1000
37
49
29
15
19
28
22
43
25
45
21
27
45
20
43
26
21
38
12
10
3
30
12
30
19
26
27
17
0
23
11
37
25
42
2
44
20
26
38
48
24
11
25
19
31
20
48
4
8
10
16
11
43
29
43
14
5
20
31
5
46
42
44
21
35
48
17
7
25
5
5
1
16
32
22
0
3
20
4
13
31
21
27
26
0
20
40
5
43
21
12
39
15
6
10
2
4
27
10
31
35
17
32
3
0
5
3
5
27
10
20
10
31
47
36
33
18
26
38
11
47
2
2
15
10
14
17
14
41
27
48
28
47
32
32
49
39
37
4
17
47
26
27
30
24
14
13
44
40
3
5
40
5
9
7
15
23
24
32
16
4
30
45
1
14
29
0
4
18
6
21
16
32
48
48
8
14
12
2
7
15
9
49
23
18
6
38
41
30
22
8
36
4
3
37
19
34
39
23
2
45
46
20
30
46
19
38
11
33
41
18
0
0
19
23
19
25
14
12
7
36
20
44
41
23
33
12
9
23
35
12
20
33
34
2
29
5
41
40
38
34
10
39
36
31
12
5
6
26
20
16
15
40
12
8
16
45
20
25
20
5
39
43
38
24
45
19
29
38
12
18
22
24
9
9
6
21
16
14
0
36
30
17
27
42
25
43
40
45
20
12
2
10
5
42
34
3
11
15
41
23
35
14
48
44
25
4
18
41
18
18
30
1
35
9
43
12
2
35
7
24
0
9
34
5
1
20
10
14
36
2
38
21
18
38
18
43
42
36
36
12
6
16
13
43
25
9
5
29
46
12
4
46
23
38
4
26
11
14
40
47
18
28
20
36
18
40
29
10
26
18
25
32
34
40
25
12
1
32
41
48
44
47
46
19
38
0
45
49
17
36
48
35
16
18
24
35
11
5
47
37
23
22
22
10
15
49
22
16
32
15
16
28
13
13
48
1
15
43
0
32
31
48
20
48
18
44
33
29
49
32
19
23
5
41
33
22
42
7
38
26
22
7
5
35
20
5
38
37
48
40
20
32
38
42
30
9
36
15
40
37
47
9
12
4
2
47
26
47
4
17
23
27
24
30
14
44
35
3
31
36
43
3
18
34
47
48
45
33
15
35
23
12
47
35
19
49
33
45
48
39
12
22
18
36
4
33
32
40
38
16
26
33
21
46
17
19
46
12
4
11
0
27
25
47
15
44
48
0
42
47
39
4
21
10
43
25
43
27
17
31
45
45
16
17
41
34
38
37
48
42
0
0
22
28
49
39
22
48
39
14
47
30
21
20
42
16
47
35
45
15
18
41
10
35
10
4
21
48
43
21
42
44
22
14
22
21
3
46
21
44
11
20
27
34
40
19
2
38
7
47
5
27
38
15
12
0
19
35
48
15
7
41
9
31
7
33
4
13
29
28
9
42
48
38
28
39
10
30
29
17
28
34
44
18
1
9
19
23
46
19
38
3
10
49
36
20
32
43
33
13
21
44
8
19
33
36
10
43
17
41
12
47
27
8
15
29
19
34
4
16
4
44
21
16
43
8
38
27
3
21
40
24
18
48
45
1
37
6
46
4
47
8
1
27
18
18
6
38
5
12
4
11
6
25
27
1
35
18
28
38
39
20
14
7
21
10
10
8
16
6
14
15
16
17
42
35
37
0
23
42
14
29
3
22
6
33
23
44
1
3
32
42
26
49
2
47
9
12
7
27
21
23
44
37
42
39
22
29
39
47
22
6
26
27
28
35
10
4
29
11
7
13
4
33
12
8
32
23
20
41
0
41
16
47
31
8
36
5
40
27
3
14
33
31
41
14
16
2
18
45
15
25
9
21
11
23
29
45
47
2
37
49
43
5
46
26
16
32
32
6
12
37
20
45
18
11
9
37
15
29
34
31
5
45
2
18
21
32
13
18
34
2
17
29
8
16
8
24
0
40
32
12
27
2
10
47
15
21
36
31
1
23
12
8
18
16
26
39
0
41
9
36
44
29
18
4
45
26
28
45
18
10
8
45
14
18
44
29
39
33
12
42
6
26
0
26
43
26
16
43
18
25
32
14
6
0
18
1
26
48
49
44
10
7
41
24
27
37
5
18
20
20
11
28
46
13
5
39
40
21
35
10
48
17
24
5
17
44
8
45
42
7
41
2
16
32
28
43
21
35
14
44
5
27
22
2
40
27
43
32
48
30
42
49
47
18
6
16
14
14
13
6
22
4
10
38
38
40
34
10
28
0
4
33
27
28
37
19
6
33
2
6
13
46
5
11
15
11
29
