10000
2
3
3
3
4
6
7
10
14
14
15
15
16
17
19
21
22
22
22
22
23
23
24
25
26
26
27
27
27
28
30
30
31
31
32
32
33
36
37
44
44
46
46
46
47
47
48
49
49
50
54
55
58
58
60
61
61
62
63
63
68
68
70
70
71
72
72
74
74
75
75
75
76
76
76
76
77
77
80
80
82
83
84
85
86
89
89
89
89
90
92
92
93
93
93
94
95
95
96
96
97
98
98
100
100
103
103
105
107
107
107
108
109
110
110
110
113
113
113
114
115
116
116
120
120
120
120
120
120
121
122
124
127
127
129
130
130
130
131
133
134
136
137
139
139
144
144
148
148
148
148
150
151
152
152
152
157
157
157
158
158
159
159
160
160
161
161
161
161
161
162
162
163
163
164
165
166
167
167
167
168
168
168
169
170
171
173
174
176
176
176
177
177
178
180
181
181
182
182
182
183
183
183
184
184
185
185
187
187
188
189
190
191
194
194
194
196
196
198
198
199
201
202
202
203
203
203
205
205
208
209
209
209
211
211
211
212
213
217
218
218
220
220
222
222
222
222
225
227
228
229
231
231
231
232
232
232
237
237
239
240
240
240
241
242
243
243
245
245
247
247
248
250
250
250
250
250
253
256
257
259
260
260
262
262
262
264
264
265
265
266
267
267
267
270
271
272
272
274
275
279
281
282
285
286
288
289
290
290
290
290
290
292
293
293
294
294
294
295
295
297
298
298
299
300
301
301
302
305
305
305
306
306
306
307
308
309
309
310
311
311
311
311
312
312
312
313
313
315
315
316
318
318
321
322
323
324
325
325
325
328
328
331
332
333
333
333
333
334
335
336
338
339
339
340
340
340
343
343
344
347
349
351
351
351
353
353
354
356
356
356
357
358
358
359
361
361
362
362
366
368
368
371
371
371
372
372
372
374
375
376
377
378
381
382
382
383
383
384
384
387
387
387
388
389
392
394
394
396
396
397
399
400
402
404
405
406
407
413
413
416
417
418
418
419
420
422
423
423
426
427
427
428
428
428
431
432
432
434
434
434
436
436
439
439
439
442
443
444
444
444
445
445
446
447
447
449
449
449
449
449
450
452
452
452
453
454
454
458
460
460
461
467
468
471
471
473
474
477
478
478
479
479
480
482
483
483
485
488
489
490
491
491
493
495
495
497
500
501
502
502
504
508
509
510
511
511
512
513
513
516
518
519
519
520
520
525
527
529
529
530
530
531
531
531
532
532
533
533
534
534
535
535
540
541
542
544
545
546
548
549
549
550
550
550
551
551
552
553
555
556
558
558
559
559
562
563
564
565
565
568
569
570
572
573
573
573
573
573
575
576
576
577
577
578
579
580
580
581
582
585
586
587
587
588
590
590
590
594
594
596
596
597
599
600
600
600
601
602
602
604
604
604
604
606
607
608
608
610
612
612
615
615
615
615
616
616
616
616
617
620
620
621
621
621
621
622
623
624
625
625
625
626
626
626
627
628
628
629
630
633
634
634
635
637
638
638
640
642
644
644
644
645
646
648
648
649
649
649
649
651
654
654
657
658
659
660
660
662
662
663
664
665
665
665
668
668
670
670
672
673
674
676
676
676
682
683
685
688
689
691
691
691
693
693
696
697
697
699
702
703
704
704
706
706
706
708
709
710
711
712
712
712
713
713
714
716
716
717
719
719
719
722
722
722
722
723
723
725
725
725
726
729
729
730
730
731
732
734
735
736
736
739
739
742
742
743
745
747
748
751
752
753
753
754
754
755
756
757
758
759
761
761
763
763
764
765
766
768
773
774
774
775
777
778
778
778
779
781
782
783
783
785
788
789
790
791
794
794
795
796
796
798
798
799
799
799
800
802
803
803
803
804
804
804
807
807
808
808
809
809
812
813
814
815
815
815
815
815
817
821
821
823
823
823
823
824
824
825
827
828
829
830
830
831
831
832
833
834
834
835
835
837
837
840
841
842
844
845
846
846
847
847
848
849
849
849
851
852
854
855
855
856
856
860
860
861
862
864
864
864
864
865
865
865
865
865
865
867
867
867
868
869
871
872
873
874
876
879
879
880
881
882
882
882
883
883
884
885
885
886
886
891
892
894
897
899
900
900
902
902
903
903
904
905
905
905
907
907
907
908
908
913
913
913
913
916
921
921
922
922
922
924
927
927
930
931
931
933
933
936
937
939
940
940
942
943
944
945
945
945
946
947
949
949
950
952
952
953
954
954
954
957
957
957
962
962
964
965
965
965
966
968
968
970
973
973
974
975
976
977
979
980
981
983
984
986
987
989
992
996
997
1002
1004
1005
1006
1006
1007
1007
1007
1007
1009
1011
1011
1012
1013
1013
1014
1015
1016
1016
1019
1019
1019
1019
1021
1021
1022
1024
1026
1027
1028
1028
1029
1029
1030
1031
1031
1032
1033
1033
1034
1034
1034
1034
1035
1035
1036
1037
1041
1042
1044
1045
1046
1047
1047
1047
1048
1049
1051
1051
1051
1052
1053
1055
1055
1056
1057
1058
1060
1061
1061
1061
1062
1063
1065
1066
1066
1067
1067
1067
1068
1069
1071
1072
1072
1072
1075
1076
1076
1077
1077
1077
1078
1078
1079
1080
1080
1081
1081
1081
1082
1082
1084
1084
1084
1085
1086
1088
1089
1089
1089
1090
1090
1092
1092
1094
1095
1095
1095
1096
1097
1099
1100
1102
1109
1109
1110
1111
1116
1118
1119
1120
1122
1123
1124
1124
1127
1130
1130
1130
1130
1130
1130
1131
1132
1133
1134
1135
1136
1137
1137
1138
1138
1138
1138
1139
1140
1140
1140
1141
1142
1142
1142
1142
1144
1144
1146
1147
1147
1148
1150
1151
1153
1154
1155
1156
1156
1156
1157
1158
1162
1162
1162
1164
1165
1165
1166
1166
1166
1167
1167
1167
1168
1170
1171
1171
1171
1172
1173
1174
1175
1177
1178
1179
1179
1180
1180
1180
1181
1181
1182
1182
1182
1185
1185
1186
1188
1191
1197
1197
1197
1197
1199
1199
1199
1199
1202
1202
1202
1203
1203
1205
1205
1206
1207
1207
1207
1208
1208
1209
1209
1209
1211
1212
1216
1216
1217
1217
1217
1218
1219
1219
1219
1219
1220
1221
1222
1222
1223
1224
1226
1226
1229
1230
1231
1232
1232
1233
1233
1234
1235
1236
1236
1237
1237
1238
1238
1239
1240
1241
1243
1243
1244
1244
1244
1246
1247
1247
1248
1253
1254
1256
1256
1256
1259
1260
1261
1262
1262
1263
1265
1265
1265
1267
1268
1269
1270
1270
1270
1270
1274
1274
1274
1277
1278
1278
1280
1280
1280
1282
1282
1284
1284
1285
1286
1286
1287
1287
1289
1292
1293
1294
1299
1300
1301
1303
1305
1305
1307
1309
1311
1312
1315
1316
1320
1323
1324
1327
1328
1328
1328
1329
1329
1331
1332
1334
1335
1338
1339
1343
1343
1344
1347
1350
1351
1351
1351
1351
1352
1353
1353
1354
1355
1355
1357
1358
1358
1360
1361
1362
1365
1367
1367
1367
1367
1368
1368
1369
1369
1370
1372
1373
1373
1374
1375
1380
1380
1381
1385
1385
1386
1386
1387
1388
1388
1390
1390
1390
1391
1392
1392
1392
1392
1393
1393
1394
1394
1395
1395
1399
1400
1400
1400
1401
1401
1401
1401
1404
1404
1405
1405
1406
1407
1409
1409
1411
1412
1413
1413
1416
1416
1417
1417
1419
1421
1422
1424
1424
1426
1427
1429
1430
1430
1431
1432
1436
1437
1438
1438
1439
1440
1441
1441
1441
1443
1444
1444
1444
1444
1445
1448
1448
1448
1448
1450
1451
1451
1451
1452
1454
1455
1456
1459
1460
1460
1461
1462
1467
1468
1469
1469
1470
1470
1470
1472
1472
1475
1475
1476
1477
1478
1479
1481
1482
1482
1483
1483
1484
1485
1485
1485
1486
1489
1490
1491
1492
1494
1494
1496
1496
1497
1498
1500
1501
1502
1504
1505
1505
1507
1508
1509
1509
1510
1513
1513
1513
1514
1514
1516
1518
1518
1519
1520
1521
1522
1524
1524
1525
1528
1528
1528
1531
1533
1533
1533
1533
1533
1534
1534
1534
1535
1535
1536
1536
1537
1537
1540
1543
1546
1547
1547
1547
1548
1550
1550
1550
1551
1553
1553
1553
1554
1555
1557
1558
1559
1559
1560
1561
1562
1563
1564
1565
1566
1568
1569
1569
1570
1572
1572
1572
1573
1576
1576
1580
1581
1582
1582
1583
1584
1585
1587
1588
1590
1596
1596
1596
1597
1597
1598
1601
1602
1603
1603
1603
1604
1604
1605
1605
1606
1607
1607
1607
1608
1610
1613
1619
1619
1620
1620
1621
1623
1624
1625
1625
1629
1629
1630
1633
1634
1634
1634
1635
1635
1636
1636
1637
1639
1639
1641
1641
1642
1642
1643
1643
1643
1647
1647
1647
1649
1650
1651
1653
1654
1662
1664
1665
1666
1667
1667
1668
1668
1670
1671
1671
1672
1675
1676
1676
1677
1679
1680
1681
1682
1683
1685
1687
1687
1688
1689
1689
1691
1693
1694
1695
1695
1695
1696
1698
1698
1699
1700
1700
1700
1700
1701
1702
1707
1707
1707
1708
1708
1710
1710
1711
1711
1711
1712
1713
1714
1714
1716
1717
1718
1718
1719
1720
1721
1722
1724
1725
1725
1725
1726
1726
1727
1727
1728
1731
1731
1732
1734
1735
1736
1737
1738
1738
1738
1739
1739
1740
1741
1747
1748
1749
1750
1750
1751
1752
1752
1754
1754
1756
1757
1757
1757
1764
1764
1764
1765
1766
1767
1767
1770
1773
1775
1777
1778
1779
1780
1781
1781
1783
1784
1784
1784
1786
1787
1787
1791
1793
1795
1796
1797
1798
1798
1799
1800
1800
1801
1801
1801
1803
1805
1805
1807
1807
1812
1814
1815
1815
1816
1816
1817
1819
1820
1822
1827
1827
1828
1829
1829
1830
1831
1831
1832
1832
1833
1834
1834
1835
1841
1842
1844
1846
1848
1849
1851
1852
1853
1856
1856
1856
1858
1858
1858
1859
1861
1862
1864
1867
1872
1873
1875
1875
1875
1876
1876
1878
1878
1878
1879
1880
1881
1881
1882
1882
1883
1884
1884
1886
1886
1888
1888
1889
1889
1889
1889
1891
1893
1894
1895
1895
1896
1897
1897
1899
1902
1902
1902
1904
1906
1907
1907
1907
1908
1908
1910
1911
1913
1915
1916
1917
1917
1919
1919
1919
1921
1922
1923
1923
1925
1925
1925
1926
1927
1927
1928
1929
1931
1933
1937
1937
1937
1939
1940
1941
1941
1941
1942
1943
1943
1943
1944
1944
1944
1944
1945
1946
1947
1947
1948
1948
1949
1950
1951
1952
1953
1955
1956
1961
1963
1966
1966
1966
1970
1971
1971
1973
1974
1975
1976
1976
1978
1979
1981
1985
1985
1986
1986
1986
1986
1987
1987
1989
1989
1990
1991
1992
1992
1993
1995
1995
1996
1997
1997
1998
1999
2000
2001
2002
2003
2003
2004
2006
2009
2009
2009
2013
2014
2014
2014
2014
2015
2015
2015
2018
2019
2020
2020
2021
2022
2022
2022
2029
2030
2030
2031
2033
2034
2035
2035
2036
2036
2037
2037
2038
2038
2040
2040
2040
2040
2042
2043
2043
2044
2045
2047
2047
2047
2048
2048
2049
2051
2052
2054
2054
2055
2056
2056
2056
2057
2058
2059
2061
2061
2062
2063
2065
2066
2067
2068
2068
2068
2073
2073
2073
2073
2075
2076
2076
2077
2078
2078
2080
2081
2081
2084
2085
2085
2086
2087
2091
2092
2092
2093
2094
2096
2098
2100
2101
2102
2105
2107
2107
2107
2109
2111
2111
2112
2113
2114
2115
2115
2115
2116
2116
2118
2124
2125
2126
2127
2127
2127
2128
2129
2129
2131
2131
2131
2133
2134
2134
2137
2138
2138
2138
2140
2141
2142
2142
2145
2145
2145
2146
2147
2147
2147
2149
2152
2152
2152
2153
2154
2155
2155
2155
2155
2155
2156
2157
2158
2160
2160
2160
2161
2162
2163
2165
2166
2167
2169
2172
2172
2173
2173
2174
2176
2176
2177
2177
2180
2180
2181
2183
2184
2185
2186
2186
2188
2188
2189
2189
2189
2190
2191
2191
2192
2192
2192
2192
2193
2193
2193
2193
2195
2195
2195
2196
2196
2198
2198
2200
2201
2202
2202
2203
2203
2205
2206
2207
2207
2208
2209
2209
2211
2211
2212
2213
2214
2215
2216
2217
2217
2218
2218
2220
2221
2222
2224
2225
2226
2226
2226
2227
2228
2228
2228
2229
2229
2230
2230
2231
2232
2233
2234
2236
2237
2238
2238
2239
2240
2242
2245
2246
2246
2247
2247
2248
2249
2249
2250
2252
2252
2252
2252
2252
2256
2258
2260
2261
2261
2264
2264
2265
2267
2267
2267
2268
2269
2270
2270
2272
2274
2276
2277
2278
2278
2281
2281
2284
2284
2284
2285
2285
2286
2287
2288
2288
2288
2290
2291
2291
2291
2293
2293
2293
2298
2299
2300
2300
2302
2303
2303
2305
2308
2308
2308
2309
2310
2313
2314
2314
2315
2315
2316
2317
2317
2319
2322
2324
2325
2325
2325
2326
2327
2329
2330
2332
2332
2333
2334
2335
2336
2336
2336
2337
2338
2339
2339
2340
2340
2340
2341
2342
2342
2345
2346
2347
2348
2350
2351
2351
2351
2351
2351
2352
2353
2353
2355
2356
2356
2358
2358
2359
2360
2360
2360
2360
2362
2363
2364
2364
2365
2371
2372
2374
2375
2375
2377
2377
2381
2382
2382
2383
2385
2385
2386
2389
2389
2390
2391
2391
2391
2396
2397
2398
2398
2399
2399
2400
2400
2402
2402
2403
2403
2404
2405
2406
2406
2411
2413
2414
2414
2415
2415
2416
2416
2416
2416
2417
2418
2419
2420
2420
2421
2421
2422
2424
2426
2427
2427
2427
2428
2428
2429
2429
2429
2431
2431
2431
2432
2432
2433
2434
2435
2436
2436
2436
2440
2441
2441
2446
2447
2448
2449
2450
2451
2451
2453
2453
2454
2454
2454
2455
2455
2457
2457
2459
2459
2459
2460
2460
2461
2461
2463
2463
2464
2464
2465
2465
2465
2466
2466
2470
2472
2472
2472
2474
2474
2475
2477
2477
2477
2479
2479
2480
2480
2480
2484
2484
2485
2486
2487
2488
2488
2489
2490
2490
2491
2491
2492
2493
2495
2496
2496
2497
2497
2498
2498
2499
2500
2500
2500
2501
2504
2505
2505
2506
2507
2511
2512
2512
2515
2515
2515
2516
2516
2518
2520
2520
2521
2522
2525
2527
2528
2530
2530
2530
2532
2536
2540
2541
2541
2541
2542
2543
2543
2544
2545
2545
2546
2549
2551
2551
2555
2558
2559
2562
2563
2563
2564
2566
2566
2566
2570
2574
2575
2576
2576
2578
2582
2583
2584
2584
2585
2586
2586
2588
2590
2590
2594
2594
2596
2598
2599
2602
2603
2603
2603
2603
2605
2605
2605
2607
2607
2608
2610
2610
2613
2613
2614
2615
2616
2617
2618
2618
2624
2625
2628
2629
2630
2631
2631
2634
2635
2636
2637
2637
2637
2638
2638
2640
2642
2642
2642
2643
2643
2644
2645
2645
2646
2647
2647
2647
2648
2648
2648
2650
2650
2651
2651
2652
2653
2654
2657
2658
2659
2663
2665
2665
2667
2667
2670
2671
2672
2673
2673
2674
2674
2675
2675
2677
2678
2680
2680
2682
2682
2683
2683
2684
2684
2685
2686
2686
2686
2687
2689
2689
2689
2690
2691
2692
2694
2695
2695
2696
2697
2697
2698
2699
2700
2701
2704
2707
2708
2709
2710
2710
2710
2712
2713
2714
2715
2715
2715
2719
2720
2722
2722
2728
2729
2730
2731
2731
2731
2731
2731
2734
2736
2738
2738
2739
2740
2741
2742
2742
2744
2745
2745
2745
2745
2746
2749
2751
2757
2762
2763
2763
2765
2765
2766
2766
2766
2767
2768
2768
2769
2774
2774
2777
2778
2779
2780
2782
2784
2785
2786
2789
2791
2793
2798
2799
2800
2801
2802
2804
2807
2807
2808
2810
2810
2810
2811
2811
2813
2814
2814
2814
2816
2817
2818
2818
2819
2819
2819
2819
2822
2823
2825
2825
2826
2826
2827
2827
2828
2828
2830
2830
2831
2831
2831
2831
2833
2833
2834
2834
2835
2837
2839
2839
2839
2840
2840
2840
2840
2841
2842
2842
2843
2843
2848
2850
2853
2853
2853
2854
2854
2856
2857
2858
2858
2861
2863
2866
2866
2868
2868
2868
2869
2870
2873
2873
2873
2875
2875
2880
2881
2884
2884
2885
2885
2888
2888
2890
2891
2892
2894
2894
2894
2895
2895
2898
2898
2898
2899
2900
2900
2900
2900
2902
2905
2905
2907
2907
2908
2909
2909
2910
2911
2912
2913
2913
2914
2915
2916
2916
2917
2917
2917
2919
2920
2921
2922
2923
2925
2927
2929
2934
2936
2940
2940
2940
2941
2941
2945
2946
2947
2947
2949
2950
2952
2953
2954
2954
2957
2957
2958
2961
2962
2962
2963
2965
2965
2965
2966
2966
2968
2968
2969
2969
2977
2977
2978
2979
2980
2981
2981
2983
2983
2983
2984
2985
2985
2986
2986
2986
2988
2989
2989
2990
2992
2996
2996
2998
2999
2999
2999
3000
3000
3000
3000
3001
3002
3003
3004
3004
3005
3015
3017
3019
3020
3022
3025
3026
3027
3031
3032
3033
3033
3034
3036
3037
3038
3040
3040
3041
3042
3042
3042
3043
3043
3043
3045
3046
3050
3050
3052
3053
3053
3053
3053
3055
3056
3058
3060
3060
3062
3063
3063
3065
3066
3067
3067
3067
3069
3070
3070
3072
3072
3075
3077
3077
3077
3078
3081
3082
3082
3085
3086
3087
3088
3088
3088
3090
3091
3092
3094
3096
3097
3097
3098
3099
3101
3101
3101
3101
3101
3103
3105
3106
3107
3107
3107
3107
3109
3110
3111
3112
3112
3112
3112
3112
3113
3113
3115
3115
3117
3117
3117
3117
3117
3119
3122
3123
3123
3124
3125
3125
3125
3128
3129
3129
3129
3130
3131
3133
3133
3136
3137
3139
3140
3142
3142
3143
3144
3144
3147
3148
3148
3151
3152
3153
3153
3155
3156
3157
3158
3159
3159
3159
3159
3162
3164
3164
3166
3168
3170
3174
3175
3175
3176
3176
3177
3177
3179
3182
3184
3185
3187
3187
3188
3190
3191
3192
3192
3194
3194
3195
3198
3198
3198
3199
3201
3202
3202
3203
3203
3204
3206
3208
3210
3211
3211
3212
3213
3213
3214
3214
3215
3216
3216
3216
3217
3222
3223
3225
3226
3227
3227
3228
3228
3228
3231
3233
3234
3234
3234
3236
3240
3243
3243
3244
3245
3245
3248
3248
3248
3250
3251
3255
3255
3255
3255
3256
3259
3259
3260
3262
3263
3264
3264
3265
3266
3266
3268
3271
3272
3272
3272
3273
3275
3275
3276
3276
3278
3279
3280
3283
3284
3284
3284
3288
3288
3289
3293
3293
3294
3295
3296
3297
3297
3297
3298
3299
3302
3303
3304
3306
3308
3309
3309
3309
3311
3314
3315
3316
3317
3317
3320
3322
3322
3324
3324
3326
3327
3327
3328
3329
3329
3330
3331
3332
3333
3334
3336
3336
3336
3338
3338
3338
3339
3339
3340
3341
3342
3342
3343
3344
3345
3345
3346
3347
3347
3349
3349
3351
3352
3353
3357
3357
3360
3362
3362
3362
3367
3368
3368
3368
3368
3368
3370
3370
3371
3372
3373
3374
3374
3375
3375
3376
3376
3377
3378
3379
3380
3381
3382
3382
3384
3385
3387
3390
3390
3390
3391
3392
3395
3396
3398
3399
3399
3399
3400
3401
3402
3403
3403
3403
3403
3404
3404
3404
3405
3407
3409
3409
3410
3410
3411
3412
3412
3415
3418
3418
3419
3420
3421
3423
3423
3423
3423
3426
3426
3426
3426
3427
3427
3428
3429
3432
3432
3438
3438
3439
3440
3440
3441
3442
3443
3444
3445
3446
3449
3450
3452
3454
3454
3454
3455
3455
3455
3456
3457
3457
3465
3465
3467
3468
3468
3468
3468
3471
3471
3471
3472
3472
3472
3472
3473
3473
3473
3474
3475
3476
3477
3477
3478
3480
3481
3482
3482
3482
3483
3483
3483
3483
3484
3490
3493
3493
3494
3494
3495
3495
3496
3497
3497
3499
3499
3499
3500
3503
3503
3503
3504
3504
3505
3508
3512
3512
3515
3516
3516
3518
3520
3521
3521
3522
3522
3523
3523
3523
3523
3525
3526
3526
3526
3528
3529
3532
3532
3532
3533
3535
3535
3537
3537
3537
3538
3539
3539
3540
3541
3542
3542
3543
3543
3543
3544
3544
3545
3548
3549
3550
3550
3551
3554
3557
3557
3558
3559
3560
3561
3563
3563
3563
3565
3565
3566
3575
3577
3577
3578
3580
3583
3584
3586
3586
3587
3587
3587
3589
3592
3593
3594
3594
3594
3594
3594
3595
3597
3598
3598
3598
3599
3603
3603
3603
3603
3604
3604
3605
3605
3605
3607
3608
3608
3609
3610
3610
3611
3611
3612
3613
3613
3614
3615
3615
3616
3617
3618
3618
3619
3621
3623
3623
3626
3628
3628
3628
3629
3629
3629
3629
3630
3632
3632
3633
3633
3633
3634
3635
3635
3635
3635
3635
3636
3636
3637
3637
3638
3639
3639
3639
3639
3640
3640
3642
3643
3645
3645
3645
3646
3646
3647
3647
3648
3652
3652
3652
3653
3653
3653
3653
3654
3657
3658
3658
3659
3663
3663
3664
3664
3665
3665
3666
3666
3667
3667
3669
3670
3670
3672
3672
3673
3673
3674
3674
3674
3678
3678
3679
3680
3680
3680
3681
3682
3683
3685
3685
3686
3686
3686
3687
3687
3687
3689
3689
3690
3690
3691
3692
3692
3693
3694
3695
3696
3696
3697
3697
3698
3698
3698
3698
3700
3700
3701
3702
3702
3704
3705
3706
3708
3708
3708
3710
3716
3716
3716
3717
3718
3718
3719
3719
3721
3722
3722
3722
3723
3724
3725
3726
3727
3727
3728
3729
3733
3735
3735
3736
3736
3738
3739
3740
3741
3741
3742
3743
3743
3744
3744
3745
3745
3746
3749
3750
3751
3751
3751
3753
3754
3755
3755
3756
3756
3757
3758
3759
3760
3763
3763
3764
3764
3764
3764
3767
3767
3770
3771
3771
3771
3773
3774
3775
3775
3775
3776
3776
3778
3780
3780
3781
3781
3784
3787
3787
3788
3790
3794
3795
3798
3798
3798
3798
3799
3800
3800
3801
3804
3806
3807
3808
3808
3808
3809
3811
3813
3814
3814
3814
3815
3819
3820
3822
3823
3823
3824
3824
3825
3828
3829
3829
3830
3830
3831
3832
3834
3834
3834
3835
3837
3839
3840
3840
3843
3843
3843
3845
3845
3845
3848
3850
3851
3853
3855
3856
3857
3858
3858
3859
3861
3861
3864
3867
3867
3868
3869
3870
3872
3874
3879
3880
3880
3881
3883
3883
3884
3884
3884
3885
3885
3886
3886
3887
3889
3891
3892
3893
3893
3895
3896
3896
3898
3898
3899
3899
3903
3904
3905
3908
3909
3909
3910
3910
3910
3914
3914
3914
3914
3915
3917
3919
3919
3923
3925
3926
3927
3928
3929
3929
3930
3930
3930
3932
3934
3934
3936
3936
3936
3937
3937
3938
3939
3941
3941
3945
3947
3948
3948
3949
3950
3950
3951
3951
3953
3958
3959
3960
3960
3963
3964
3967
3967
3968
3969
3969
3973
3974
3974
3974
3975
3975
3975
3975
3975
3976
3976
3977
3979
3980
3980
3981
3984
3985
3986
3987
3988
3989
3989
3989
3990
3990
3990
3990
3991
3992
3994
3995
3995
3996
3997
3997
3999
4000
4003
4003
4005
4006
4006
4009
4010
4010
4010
4011
4012
4013
4015
4016
4016
4018
4020
4020
4022
4022
4023
4023
4026
4026
4026
4026
4027
4027
4028
4029
4030
4032
4033
4034
4036
4036
4036
4036
4037
4037
4038
4038
4038
4039
4041
4041
4041
4042
4042
4043
4044
4045
4046
4047
4047
4047
4054
4054
4054
4055
4055
4055
4058
4060
4061
4061
4062
4063
4068
4068
4071
4071
4072
4072
4073
4073
4073
4075
4077
4077
4078
4078
4080
4080
4082
4082
4083
4083
4084
4087
4087
4088
4088
4090
4090
4090
4092
4092
4092
4093
4093
4093
4093
4094
4094
4094
4097
4097
4099
4101
4101
4102
4102
4104
4105
4105
4105
4107
4108
4109
4111
4112
4113
4114
4115
4116
4117
4117
4117
4118
4119
4120
4121
4122
4123
4124
4125
4126
4127
4128
4129
4129
4129
4129
4131
4131
4133
4133
4134
4134
4135
4136
4136
4137
4140
4141
4141
4141
4142
4142
4142
4145
4146
4146
4148
4149
4149
4152
4153
4154
4154
4157
4159
4160
4160
4162
4162
4163
4163
4164
4164
4164
4165
4166
4166
4167
4171
4172
4174
4175
4178
4178
4179
4179
4181
4181
4182
4183
4183
4184
4185
4186
4187
4187
4189
4189
4189
4189
4190
4190
4191
4192
4193
4193
4193
4195
4198
4199
4200
4202
4202
4202
4203
4203
4204
4206
4207
4207
4207
4208
4209
4209
4211
4214
4216
4217
4217
4217
4218
4223
4224
4225
4227
4227
4228
4230
4230
4231
4232
4232
4235
4236
4236
4236
4237
4238
4240
4244
4245
4248
4249
4253
4254
4254
4255
4255
4255
4257
4257
4258
4259
4260
4260
4261
4261
4263
4265
4265
4270
4270
4270
4271
4271
4272
4275
4276
4276
4279
4281
4282
4284
4284
4286
4287
4288
4289
4290
4295
4297
4297
4298
4298
4301
4301
4301
4302
4303
4304
4306
4308
4309
4309
4309
4310
4311
4312
4312
4313
4313
4314
4315
4315
4317
4317
4318
4318
4319
4320
4321
4322
4329
4329
4330
4330
4331
4333
4333
4334
4334
4335
4335
4337
4337
4338
4339
4339
4340
4342
4344
4344
4345
4345
4347
4350
4351
4352
4352
4353
4353
4355
4355
4356
4357
4358
4358
4359
4360
4360
4360
4360
4360
4361
4363
4363
4364
4364
4364
4368
4369
4369
4369
4371
4373
4373
4373
4374
4374
4375
4376
4376
4378
4379
4380
4380
4381
4383
4384
4388
4388
4389
4389
4389
4391
4391
4393
4395
4395
4397
4397
4397
4399
4401
4401
4401
4402
4403
4405
4405
4406
4406
4407
4409
4411
4411
4413
4414
4417
4418
4418
4419
4420
4421
4422
4422
4422
4424
4424
4426
4428
4430
4432
4432
4433
4435
4436
4438
4438
4439
4440
4443
4445
4446
4447
4447
4451
4451
4454
4455
4455
4456
4457
4457
4458
4458
4459
4459
4459
4459
4459
4463
4463
4467
4469
4470
4470
4470
4471
4474
4474
4475
4475
4475
4475
4476
4477
4477
4478
4482
4483
4484
4484
4485
4487
4487
4489
4490
4493
4494
4494
4495
4495
4496
4499
4500
4500
4503
4506
4508
4508
4510
4510
4512
4512
4513
4513
4514
4514
4515
4515
4515
4515
4515
4519
4519
4519
4523
4523
4525
4526
4526
4527
4528
4530
4533
4533
4534
4535
4535
4536
4541
4542
4543
4545
4546
4547
4547
4549
4550
4552
4553
4553
4558
4560
4560
4560
4561
4561
4562
4565
4566
4566
4566
4567
4567
4567
4568
4570
4571
4573
4574
4575
4578
4581
4582
4582
4582
4583
4583
4584
4584
4585
4586
4587
4588
4588
4589
4590
4591
4592
4593
4594
4595
4598
4600
4602
4603
4604
4606
4607
4607
4608
4610
4610
4610
4611
4613
4618
4621
4622
4625
4625
4626
4628
4629
4631
4633
4633
4634
4634
4635
4635
4636
4637
4637
4637
4638
4638
4638
4638
4640
4642
4644
4644
4648
4648
4648
4651
4652
4653
4655
4655
4656
4656
4658
4660
4662
4663
4663
4663
4664
4664
4665
4666
4668
4669
4671
4674
4675
4676
4676
4676
4678
4680
4683
4684
4684
4685
4686
4687
4687
4687
4688
4688
4690
4690
4692
4692
4694
4696
4697
4698
4700
4701
4705
4707
4708
4710
4710
4711
4712
4713
4713
4714
4715
4718
4718
4718
4720
4720
4720
4726
4726
4728
4730
4730
4732
4733
4737
4738
4738
4739
4739
4739
4741
4741
4742
4742
4743
4743
4745
4745
4748
4748
4749
4750
4750
4750
4750
4751
4751
4752
4754
4759
4759
4760
4760
4764
4764
4764
4765
4766
4766
4766
4766
4770
4771
4772
4772
4773
4774
4775
4776
4776
4776
4778
4779
4779
4779
4780
4781
4781
4782
4782
4786
4790
4792
4793
4795
4795
4795
4798
4800
4801
4803
4803
4803
4804
4804
4804
4804
4807
4808
4809
4811
4811
4812
4812
4812
4813
4813
4813
4814
4815
4815
4817
4817
4817
4819
4819
4819
4820
4821
4822
4825
4827
4828
4829
4830
4834
4834
4835
4835
4837
4837
4837
4841
4842
4842
4844
4844
4846
4846
4846
4847
4848
4849
4852
4853
4853
4854
4854
4855
4856
4858
4860
4862
4862
4862
4863
4863
4864
4869
4869
4870
4870
4871
4871
4872
4872
4872
4872
4873
4874
4874
4875
4876
4877
4878
4879
4879
4879
4879
4881
4882
4882
4883
4883
4884
4884
4888
4889
4889
4890
4890
4892
4894
4895
4896
4898
4898
4898
4899
4902
4903
4904
4906
4907
4911
4912
4913
4914
4914
4914
4915
4917
4918
4918
4922
4923
4924
4925
4926
4926
4927
4929
4930
4931
4932
4933
4933
4933
4934
4934
4935
4936
4936
4937
4939
4940
4941
4941
4943
4947
4949
4949
4950
4950
4953
4954
4954
4954
4955
4956
4956
4959
4960
4960
4961
4962
4962
4963
4963
4964
4965
4966
4967
4967
4967
4967
4968
4970
4972
4973
4974
4974
4974
4975
4976
4977
4978
4979
4980
4981
4982
4982
4982
4983
4986
4986
4987
4992
4992
4992
4994
4996
4998
5000
5001
5003
5003
5005
5005
5006
5007
5008
5010
5012
5012
5014
5017
5019
5022
5023
5026
5027
5029
5029
5029
5030
5030
5031
5031
5032
5033
5033
5035
5035
5036
5037
5038
5039
5040
5040
5041
5042
5043
5043
5043
5044
5044
5045
5045
5045
5048
5048
5050
5052
5053
5053
5054
5055
5059
5059
5061
5061
5061
5062
5063
5063
5064
5064
5065
5065
5066
5067
5067
5070
5070
5071
5071
5071
5073
5073
5073
5073
5075
5076
5078
5078
5079
5081
5082
5082
5082
5084
5084
5084
5086
5087
5091
5091
5092
5092
5093
5095
5096
5096
5097
5097
5097
5097
5099
5099
5100
5101
5101
5103
5104
5104
5107
5109
5109
5109
5110
5111
5111
5112
5112
5113
5118
5120
5120
5121
5123
5123
5123
5124
5124
5126
5126
5128
5128
5128
5128
5129
5130
5132
5132
5134
5134
5134
5135
5135
5136
5136
5137
5137
5138
5138
5138
5140
5141
5142
5144
5144
5144
5150
5150
5150
5152
5154
5154
5154
5155
5156
5159
5159
5160
5163
5163
5163
5164
5165
5165
5165
5166
5166
5166
5167
5168
5169
5169
5169
5170
5172
5173
5175
5177
5177
5178
5180
5180
5181
5181
5182
5183
5184
5184
5184
5185
5185
5189
5190
5190
5191
5194
5194
5196
5197
5198
5198
5199
5201
5201
5203
5204
5204
5204
5208
5208
5210
5211
5211
5212
5212
5212
5213
5214
5214
5217
5217
5219
5220
5221
5222
5223
5224
5224
5224
5224
5224
5225
5226
5226
5232
5232
5232
5234
5234
5236
5237
5238
5238
5240
5241
5242
5242
5242
5243
5243
5244
5245
5245
5247
5248
5248
5248
5249
5253
5253
5254
5256
5260
5261
5261
5264
5264
5264
5265
5266
5266
5266
5267
5269
5269
5271
5271
5271
5272
5272
5272
5274
5274
5277
5283
5284
5286
5287
5287
5289
5289
5290
5290
5292
5292
5293
5295
5297
5297
5298
5299
5301
5301
5302
5304
5304
5305
5305
5307
5307
5308
5309
5310
5312
5312
5314
5314
5315
5316
5316
5317
5317
5317
5319
5322
5322
5322
5324
5326
5329
5329
5329
5329
5330
5332
5333
5333
5336
5336
5338
5339
5340
5341
5341
5342
5343
5343
5344
5346
5346
5348
5351
5351
5352
5355
5355
5356
5357
5359
5359
5360
5360
5361
5362
5362
5362
5364
5364
5372
5373
5373
5373
5374
5374
5375
5375
5376
5376
5377
5377
5379
5380
5380
5381
5381
5382
5382
5383
5384
5385
5385
5386
5388
5388
5388
5389
5392
5392
5393
5395
5396
5397
5399
5400
5401
5401
5402
5402
5403
5403
5404
5405
5407
5409
5409
5409
5411
5412
5412
5415
5417
5417
5420
5421
5421
5422
5423
5426
5426
5427
5427
5428
5430
5430
5430
5431
5431
5435
5440
5440
5440
5442
5442
5442
5445
5446
5447
5449
5450
5450
5453
5453
5453
5454
5455
5455
5456
5456
5458
5458
5459
5459
5460
5463
5466
5470
5471
5472
5474
5474
5474
5475
5475
5475
5476
5478
5478
5479
5480
5481
5481
5482
5483
5485
5489
5490
5493
5494
5496
5498
5498
5500
5500
5501
5503
5506
5506
5507
5507
5508
5510
5510
5512
5513
5514
5516
5516
5516
5517
5517
5518
5519
5519
5519
5520
5521
5523
5524
5527
5528
5533
5534
5535
5536
5536
5537
5538
5538
5539
5539
5540
5541
5541
5541
5542
5543
5544
5545
5545
5546
5548
5549
5549
5551
5551
5553
5554
5555
5556
5556
5557
5557
5558
5558
5558
5561
5561
5561
5562
5563
5563
5564
5566
5567
5568
5570
5571
5572
5573
5574
5574
5575
5577
5577
5578
5578
5578
5578
5579
5580
5580
5581
5582
5583
5583
5583
5584
5585
5587
5588
5589
5589
5589
5590
5591
5591
5592
5593
5595
5595
5596
5597
5597
5598
5598
5598
5598
5599
5600
5600
5602
5603
5604
5604
5605
5605
5605
5606
5608
5611
5611
5612
5613
5613
5613
5614
5614
5615
5616
5619
5624
5624
5626
5626
5626
5627
5629
5629
5629
5630
5630
5631
5632
5634
5636
5637
5637
5638
5639
5639
5639
5641
5642
5643
5643
5646
5646
5650
5650
5651
5652
5652
5653
5654
5656
5656
5658
5661
5661
5662
5666
5669
5671
5672
5673
5674
5674
5675
5675
5676
5677
5678
5679
5679
5679
5683
5683
5684
5684
5687
5687
5688
5688
5688
5690
5694
5696
5697
5698
5699
5700
5700
5701
5704
5704
5706
5706
5706
5707
5708
5709
5710
5710
5710
5711
5714
5715
5715
5718
5719
5720
5722
5723
5726
5727
5729
5731
5731
5732
5732
5733
5734
5734
5736
5736
5737
5737
5737
5738
5738
5738
5739
5739
5743
5743
5745
5745
5745
5749
5749
5750
5751
5753
5754
5754
5754
5755
5756
5756
5756
5758
5761
5762
5763
5764
5766
5766
5768
5769
5770
5771
5773
5774
5775
5776
5776
5776
5776
5778
5779
5780
5780
5781
5782
5782
5783
5783
5785
5786
5787
5789
5792
5793
5793
5794
5794
5794
5794
5796
5796
5797
5801
5802
5802
5803
5806
5806
5810
5813
5814
5815
5817
5818
5819
5819
5819
5820
5820
5822
5825
5825
5826
5826
5827
5828
5835
5836
5837
5837
5838
5841
5841
5841
5842
5842
5843
5844
5844
5845
5846
5846
5847
5848
5848
5850
5850
5851
5852
5852
5853
5853
5854
5855
5856
5858
5858
5860
5860
5861
5861
5864
5865
5865
5865
5867
5869
5869
5873
5873
5874
5874
5875
5875
5876
5876
5876
5877
5880
5880
5881
5882
5883
5883
5883
5884
5887
5889
5890
5891
5892
5892
5892
5895
5895
5898
5898
5898
5899
5901
5901
5901
5902
5903
5903
5903
5904
5904
5904
5911
5912
5916
5916
5916
5917
5918
5918
5918
5920
5922
5923
5924
5924
5925
5927
5928
5929
5929
5931
5931
5931
5934
5934
5934
5937
5938
5939
5939
5940
5946
5947
5947
5948
5948
5949
5949
5951
5952
5954
5954
5954
5955
5955
5956
5956
5956
5957
5957
5958
5960
5960
5961
5963
5964
5964
5965
5966
5967
5969
5972
5972
5973
5974
5974
5975
5975
5975
5976
5976
5976
5976
5977
5981
5982
5985
5986
5987
5988
5989
5989
5991
5994
5994
5994
5994
5995
5997
5997
5997
5997
5998
6000
6000
6000
6001
6002
6003
6004
6005
6005
6005
6006
6007
6007
6007
6008
6009
6009
6015
6017
6018
6019
6019
6020
6022
6024
6025
6025
6026
6029
6029
6030
6031
6031
6032
6034
6034
6036
6037
6038
6038
6038
6040
6041
6042
6043
6043
6044
6044
6044
6045
6046
6046
6047
6047
6049
6051
6052
6052
6053
6053
6054
6055
6056
6057
6059
6061
6062
6062
6063
6063
6063
6066
6066
6072
6072
6073
6074
6075
6076
6077
6077
6078
6078
6079
6080
6080
6082
6082
6083
6083
6084
6084
6085
6085
6087
6088
6089
6089
6091
6092
6094
6101
6102
6102
6105
6107
6109
6109
6115
6115
6115
6116
6117
6119
6119
6120
6120
6120
6121
6122
6123
6124
6124
6127
6130
6130
6131
6131
6134
6135
6136
6138
6139
6140
6142
6142
6143
6144
6144
6146
6149
6149
6150
6150
6151
6152
6152
6152
6154
6156
6157
6158
6160
6160
6161
6161
6162
6164
6164
6168
6168
6170
6170
6171
6172
6174
6174
6177
6177
6177
6179
6181
6182
6183
6185
6185
6185
6185
6186
6187
6192
6196
6196
6196
6196
6199
6200
6200
6201
6205
6208
6210
6210
6213
6214
6217
6219
6219
6220
6221
6222
6222
6223
6225
6226
6227
6228
6228
6229
6229
6231
6233
6234
6234
6236
6238
6239
6239
6239
6241
6242
6244
6246
6246
6247
6247
6255
6255
6256
6258
6259
6259
6263
6263
6266
6266
6268
6269
6269
6270
6270
6271
6271
6272
6272
6272
6274
6275
6276
6278
6278
6279
6280
6280
6280
6281
6282
6283
6284
6284
6285
6285
6287
6294
6294
6295
6295
6295
6296
6296
6297
6298
6298
6299
6301
6302
6303
6304
6307
6309
6309
6311
6311
6312
6312
6314
6314
6315
6316
6317
6320
6323
6324
6324
6324
6325
6326
6327
6328
6328
6329
6330
6330
6334
6335
6336
6338
6339
6339
6340
6341
6342
6342
6344
6347
6348
6348
6349
6350
6350
6352
6354
6355
6355
6358
6359
6361
6361
6361
6362
6366
6366
6367
6368
6370
6374
6374
6377
6379
6382
6382
6383
6383
6383
6383
6383
6384
6384
6385
6385
6387
6389
6389
6390
6392
6392
6393
6393
6396
6396
6397
6398
6401
6402
6402
6402
6403
6404
6404
6407
6407
6408
6408
6409
6409
6409
6409
6410
6412
6413
6414
6415
6416
6416
6417
6417
6417
6419
6421
6423
6426
6426
6426
6426
6427
6428
6429
6429
6430
6431
6432
6432
6433
6434
6439
6440
6442
6442
6445
6446
6446
6446
6446
6447
6448
6448
6452
6452
6452
6453
6455
6456
6456
6457
6458
6459
6461
6462
6463
6465
6466
6467
6469
6470
6471
6471
6471
6471
6472
6473
6474
6474
6475
6477
6477
6478
6480
6481
6483
6484
6484
6485
6485
6486
6486
6487
6488
6488
6491
6492
6493
6493
6493
6493
6495
6495
6495
6496
6497
6498
6499
6501
6502
6506
6507
6508
6509
6510
6511
6512
6513
6513
6514
6516
6517
6519
6520
6521
6523
6523
6524
6524
6525
6525
6530
6533
6535
6535
6536
6536
6538
6542
6544
6544
6545
6545
6546
6548
6549
6549
6549
6549
6551
6557
6559
6560
6561
6562
6562
6562
6562
6563
6564
6565
6566
6566
6567
6568
6569
6569
6570
6570
6571
6573
6575
6577
6580
6581
6581
6582
6584
6588
6588
6592
6592
6594
6595
6596
6596
6597
6600
6600
6600
6602
6602
6603
6603
6604
6604
6605
6608
6610
6611
6612
6612
6613
6613
6614
6616
6617
6617
6618
6619
6620
6620
6621
6622
6623
6624
6626
6626
6627
6628
6629
6629
6630
6630
6633
6634
6637
6637
6640
6640
6640
6641
6642
6643
6643
6645
6646
6646
6647
6647
6648
6649
6652
6654
6654
6654
6655
6655
6656
6657
6658
6659
6659
6660
6661
6662
6662
6662
6663
6670
6671
6671
6673
6673
6674
6674
6675
6675
6675
6677
6678
6679
6681
6681
6683
6683
6685
6686
6688
6688
6689
6690
6690
6692
6693
6701
6703
6704
6706
6706
6707
6707
6712
6712
6712
6713
6713
6714
6714
6715
6716
6717
6718
6718
6719
6719
6719
6719
6720
6720
6722
6722
6723
6724
6724
6725
6725
6727
6727
6728
6728
6729
6729
6730
6731
6732
6733
6733
6735
6738
6738
6738
6739
6741
6742
6744
6747
6747
6748
6748
6749
6750
6751
6752
6752
6752
6753
6754
6754
6755
6756
6758
6758
6758
6761
6762
6764
6765
6766
6767
6767
6768
6768
6768
6769
6769
6771
6772
6772
6775
6776
6778
6779
6782
6782
6784
6784
6785
6785
6785
6785
6786
6786
6787
6788
6789
6791
6791
6793
6793
6794
6795
6796
6796
6796
6796
6797
6798
6799
6801
6805
6806
6806
6807
6810
6811
6812
6815
6815
6815
6819
6820
6822
6823
6823
6824
6824
6825
6826
6826
6827
6827
6828
6830
6831
6832
6832
6833
6834
6835
6835
6836
6837
6837
6839
6840
6841
6841
6841
6842
6842
6843
6846
6848
6850
6850
6851
6851
6852
6852
6853
6855
6857
6858
6858
6858
6858
6859
6860
6861
6862
6863
6864
6865
6865
6867
6868
6869
6875
6876
6880
6880
6881
6881
6882
6883
6883
6883
6883
6886
6886
6886
6887
6888
6888
6891
6892
6894
6896
6897
6899
6899
6900
6900
6900
6900
6903
6904
6906
6906
6908
6909
6910
6910
6912
6912
6913
6914
6915
6917
6919
6919
6920
6920
6921
6921
6921
6923
6923
6924
6924
6925
6927
6929
6930
6933
6935
6936
6936
6936
6937
6938
6939
6939
6939
6939
6939
6940
6941
6941
6942
6942
6943
6943
6943
6946
6946
6946
6947
6949
6951
6951
6951
6952
6953
6953
6957
6958
6965
6967
6968
6968
6969
6971
6972
6972
6974
6976
6977
6978
6978
6980
6980
6981
6981
6981
6984
6986
6987
6989
6990
6993
6994
6994
6994
6995
6996
6998
6999
7000
7000
7000
7000
7001
7001
7002
7003
7004
7004
7004
7007
7008
7009
7010
7011
7012
7015
7015
7015
7016
7016
7016
7016
7017
7018
7019
7022
7023
7023
7024
7026
7028
7030
7030
7031
7031
7033
7035
7036
7037
7037
7038
7038
7039
7039
7039
7040
7041
7042
7042
7043
7043
7043
7044
7045
7048
7048
7049
7049
7052
7053
7054
7055
7055
7056
7058
7058
7060
7064
7066
7068
7070
7071
7072
7073
7075
7075
7076
7077
7080
7080
7080
7080
7082
7082
7083
7086
7086
7087
7088
7089
7090
7091
7092
7092
7094
7094
7095
7095
7095
7096
7096
7099
7099
7100
7101
7102
7104
7104
7104
7104
7106
7106
7108
7109
7109
7110
7118
7119
7119
7119
7120
7121
7121
7122
7123
7123
7125
7125
7125
7126
7128
7129
7129
7129
7130
7132
7133
7134
7135
7136
7136
7137
7137
7138
7139
7139
7140
7140
7140
7142
7142
7144
7146
7146
7146
7147
7149
7151
7151
7152
7153
7153
7154
7154
7154
7154
7155
7158
7162
7163
7164
7165
7166
7167
7167
7168
7168
7169
7172
7172
7172
7175
7175
7176
7177
7179
7179
7179
7180
7180
7181
7181
7183
7184
7184
7186
7186
7187
7189
7190
7190
7192
7192
7199
7199
7201
7201
7201
7202
7202
7203
7204
7204
7205
7205
7205
7206
7209
7209
7209
7211
7212
7212
7212
7213
7214
7215
7215
7217
7220
7221
7224
7224
7224
7225
7226
7226
7227
7230
7230
7231
7232
7234
7237
7237
7237
7237
7238
7238
7239
7240
7241
7244
7244
7245
7246
7246
7248
7249
7249
7250
7251
7252
7253
7254
7254
7255
7256
7257
7257
7259
7260
7260
7261
7261
7262
7263
7263
7265
7265
7269
7270
7271
7271
7272
7272
7273
7273
7274
7275
7275
7276
7277
7279
7279
7279
7283
7284
7285
7287
7287
7288
7289
7290
7290
7290
7290
7290
7291
7291
7291
7292
7295
7295
7295
7296
7296
7298
7300
7311
7312
7313
7313
7315
7315
7316
7316
7318
7319
7321
7322
7323
7327
7327
7327
7330
7331
7331
7333
7333
7334
7335
7335
7336
7336
7338
7339
7340
7341
7341
7342
7347
7347
7348
7350
7351
7353
7353
7353
7353
7354
7356
7357
7357
7358
7358
7358
7359
7359
7360
7360
7361
7361
7363
7363
7364
7364
7364
7366
7367
7367
7367
7369
7369
7369
7371
7371
7372
7373
7374
7375
7377
7379
7381
7381
7382
7384
7385
7387
7387
7390
7390
7391
7392
7394
7396
7397
7397
7397
7398
7399
7400
7402
7403
7403
7404
7405
7408
7408
7409
7411
7411
7412
7413
7415
7415
7416
7416
7417
7418
7422
7423
7424
7425
7427
7428
7430
7430
7430
7431
7432
7436
7437
7438
7440
7443
7444
7444
7445
7445
7445
7446
7446
7446
7446
7449
7451
7451
7451
7451
7452
7452
7456
7456
7456
7458
7458
7459
7459
7459
7459
7460
7461
7462
7463
7464
7465
7465
7465
7467
7467
7470
7470
7470
7471
7471
7472
7472
7473
7476
7476
7477
7479
7481
7482
7482
7485
7488
7492
7493
7499
7500
7501
7501
7503
7503
7508
7509
7510
7510
7510
7511
7511
7511
7511
7512
7512
7512
7513
7515
7515
7515
7516
7516
7516
7516
7517
7518
7518
7519
7519
7519
7522
7522
7524
7526
7526
7527
7527
7530
7530
7534
7536
7536
7537
7539
7539
7540
7542
7542
7543
7546
7546
7548
7548
7548
7548
7551
7551
7553
7554
7555
7556
7556
7556
7558
7560
7563
7566
7566
7566
7568
7569
7569
7569
7569
7570
7570
7571
7571
7571
7572
7572
7573
7573
7574
7574
7574
7576
7576
7577
7578
7579
7580
7582
7582
7583
7583
7583
7585
7585
7587
7587
7587
7588
7589
7589
7590
7591
7592
7594
7594
7594
7594
7594
7595
7596
7596
7596
7597
7600
7601
7602
7602
7602
7603
7604
7604
7604
7604
7605
7607
7607
7609
7611
7611
7615
7615
7616
7616
7617
7618
7618
7618
7620
7622
7623
7625
7626
7626
7627
7628
7631
7631
7632
7633
7637
7639
7640
7642
7642
7643
7644
7645
7646
7649
7649
7649
7650
7650
7653
7656
7659
7660
7661
7661
7661
7661
7662
7662
7664
7665
7665
7666
7666
7666
7667
7668
7669
7672
7673
7673
7675
7675
7676
7678
7678
7678
7678
7679
7682
7682
7683
7683
7683
7684
7684
7685
7686
7686
7687
7690
7693
7694
7694
7696
7696
7698
7698
7700
7700
7702
7704
7704
7705
7706
7706
7706
7707
7709
7709
7711
7711
7717
7719
7719
7722
7722
7722
7723
7725
7725
7725
7726
7727
7727
7729
7730
7732
7734
7735
7735
7735
7736
7738
7738
7740
7741
7742
7743
7743
7743
7745
7746
7749
7751
7753
7753
7753
7755
7758
7758
7760
7760
7761
7762
7762
7763
7766
7766
7770
7771
7772
7773
7774
7776
7776
7777
7777
7777
7778
7778
7779
7781
7783
7783
7785
7787
7788
7790
7794
7795
7797
7798
7798
7800
7803
7803
7803
7807
7808
7808
7810
7811
7812
7812
7813
7813
7815
7816
7816
7817
7818
7818
7819
7820
7820
7821
7823
7824
7825
7826
7828
7828
7829
7829
7829
7831
7832
7833
7834
7835
7836
7837
7837
7838
7839
7839
7840
7840
7841
7842
7844
7844
7845
7845
7846
7846
7846
7848
7848
7849
7849
7850
7850
7851
7853
7856
7857
7857
7859
7859
7860
7860
7861
7862
7862
7862
7863
7866
7866
7866
7869
7869
7870
7872
7874
7877
7878
7880
7880
7880
7881
7882
7882
7882
7883
7883
7884
7887
7890
7893
7896
7896
7896
7898
7899
7899
7899
7900
7901
7901
7902
7902
7902
7904
7904
7906
7906
7906
7908
7909
7909
7910
7910
7912
7912
7912
7912
7913
7915
7915
7916
7918
7918
7919
7922
7926
7926
7927
7927
7928
7930
7930
7931
7932
7934
7934
7934
7935
7937
7937
7938
7939
7939
7939
7942
7943
7944
7944
7945
7946
7947
7948
7948
7949
7949
7950
7951
7952
7952
7956
7957
7957
7957
7959
7959
7959
7960
7962
7966
7966
7967
7967
7968
7969
7969
7970
7970
7972
7972
7973
7973
7976
7977
7977
7977
7978
7980
7981
7982
7982
7984
7984
7984
7985
7985
7986
7987
7988
7988
7989
7989
7991
7992
7992
7992
7994
7995
7996
7996
7999
8000
8000
8000
8000
8003
8004
8004
8005
8005
8006
8006
8009
8009
8010
8012
8014
8015
8016
8017
8018
8018
8019
8019
8020
8020
8021
8021
8022
8025
8026
8026
8027
8027
8028
8029
8030
8032
8033
8035
8036
8037
8040
8041
8042
8043
8044
8045
8045
8048
8048
8048
8049
8049
8049
8049
8051
8051
8051
8051
8052
8053
8053
8053
8053
8054
8055
8056
8058
8059
8059
8059
8060
8061
8061
8062
8063
8064
8064
8066
8066
8069
8069
8071
8072
8072
8073
8075
8076
8078
8079
8079
8080
8080
8081
8084
8084
8085
8086
8087
8089
8092
8092
8096
8097
8100
8100
8100
8101
8101
8102
8104
8104
8105
8106
8106
8108
8109
8111
8111
8112
8113
8116
8117
8119
8121
8121
8122
8123
8123
8123
8124
8124
8124
8130
8130
8130
8134
8134
8137
8138
8139
8146
8146
8147
8148
8149
8150
8150
8151
8151
8152
8152
8153
8154
8154
8155
8155
8155
8155
8156
8156
8156
8158
8159
8162
8164
8165
8166
8166
8166
8167
8168
8170
8172
8173
8174
8176
8176
8176
8177
8178
8178
8178
8179
8179
8180
8181
8182
8182
8185
8187
8188
8188
8188
8188
8189
8190
8191
8192
8192
8193
8193
8196
8196
8197
8197
8197
8199
8200
8201
8201
8202
8202
8204
8204
8205
8205
8207
8207
8209
8210
8210
8211
8211
8211
8211
8212
8213
8213
8215
8216
8219
8219
8219
8223
8223
8224
8225
8228
8229
8230
8230
8230
8230
8230
8231
8232
8233
8236
8237
8238
8238
8239
8239
8241
8241
8246
8247
8249
8250
8250
8250
8251
8253
8254
8254
8256
8258
8258
8262
8262
8262
8263
8264
8264
8268
8268
8269
8273
8273
8276
8280
8281
8281
8284
8286
8286
8287
8288
8288
8289
8289
8290
8291
8291
8292
8293
8294
8297
8302
8303
8303
8303
8305
8305
8306
8307
8309
8310
8311
8315
8315
8316
8318
8320
8322
8323
8324
8324
8325
8327
8330
8330
8330
8334
8335
8335
8337
8339
8339
8340
8341
8341
8342
8343
8344
8344
8344
8349
8349
8350
8350
8350
8351
8352
8352
8352
8355
8356
8357
8357
8357
8359
8359
8360
8363
8363
8363
8365
8367
8367
8367
8369
8370
8371
8371
8372
8372
8374
8374
8374
8375
8376
8379
8379
8381
8381
8382
8383
8383
8385
8385
8386
8388
8390
8395
8395
8396
8397
8398
8398
8398
8401
8401
8402
8403
8403
8403
8406
8406
8406
8407
8407
8409
8410
8411
8411
8415
8415
8415
8416
8418
8418
8420
8421
8421
8422
8423
8423
8425
8425
8429
8429
8433
8433
8434
8435
8435
8435
8437
8439
8439
8440
8441
8442
8442
8443
8443
8445
8445
8446
8449
8456
8456
8457
8458
8460
8462
8463
8463
8463
8465
8466
8467
8469
8469
8472
8472
8472
8473
8474
8474
8475
8478
8479
8479
8482
8482
8483
8483
8484
8485
8486
8488
8488
8489
8490
8491
8491
8491
8492
8492
8492
8493
8493
8495
8497
8497
8498
8499
8501
8503
8504
8504
8504
8505
8505
8505
8505
8506
8506
8507
8508
8508
8509
8511
8513
8514
8515
8515
8515
8516
8516
8516
8517
8519
8519
8520
8522
8522
8525
8526
8527
8528
8529
8529
8529
8530
8531
8531
8532
8534
8535
8536
8537
8537
8539
8540
8540
8540
8542
8543
8543
8543
8543
8543
8544
8546
8547
8547
8547
8548
8549
8551
8552
8553
8553
8553
8555
8556
8556
8556
8557
8558
8559
8559
8560
8561
8562
8563
8565
8566
8567
8567
8567
8568
8568
8569
8575
8576
8577
8577
8578
8582
8582
8582
8583
8583
8584
8585
8586
8586
8587
8588
8588
8589
8589
8592
8592
8594
8594
8595
8597
8598
8598
8599
8599
8599
8600
8601
8601
8602
8602
8604
8604
8604
8604
8604
8605
8605
8606
8606
8608
8608
8610
8611
8612
8613
8614
8615
8617
8617
8617
8619
8621
8623
8624
8624
8625
8626
8626
8627
8627
8628
8628
8629
8631
8634
8634
8635
8636
8638
8640
8640
8641
8642
8643
8643
8644
8648
8648
8650
8650
8651
8652
8653
8654
8654
8655
8655
8657
8658
8659
8661
8661
8662
8663
8669
8671
8671
8672
8672
8673
8673
8674
8675
8675
8675
8681
8681
8682
8682
8683
8685
8686
8686
8686
8687
8687
8687
8688
8689
8690
8692
8693
8694
8697
8697
8697
8698
8700
8702
8703
8703
8703
8703
8704
8704
8705
8706
8706
8707
8707
8708
8709
8712
8712
8712
8713
8714
8714
8714
8714
8715
8716
8717
8720
8720
8721
8722
8723
8723
8724
8726
8726
8727
8728
8729
8731
8731
8731
8733
8736
8739
8741
8741
8741
8742
8743
8744
8745
8745
8745
8746
8746
8747
8747
8748
8749
8751
8755
8755
8756
8756
8757
8757
8759
8761
8761
8761
8762
8762
8762
8763
8764
8766
8766
8766
8767
8769
8771
8772
8772
8772
8773
8774
8775
8775
8778
8778
8778
8779
8780
8781
8785
8787
8787
8789
8789
8789
8791
8791
8791
8793
8793
8794
8795
8795
8796
8797
8798
8800
8801
8802
8804
8804
8805
8806
8806
8806
8807
8807
8807
8808
8809
8809
8810
8810
8810
8811
8811
8814
8814
8814
8814
8816
8817
8817
8819
8820
8820
8820
8821
8822
8823
8826
8827
8827
8829
8830
8830
8830
8831
8832
8832
8835
8836
8837
8837
8837
8838
8838
8839
8840
8841
8842
8843
8843
8844
8846
8848
8848
8850
8850
8851
8852
8852
8853
8853
8854
8855
8855
8857
8857
8857
8857
8858
8859
8859
8859
8860
8861
8862
8863
8863
8865
8867
8867
8868
8870
8870
8871
8872
8873
8873
8874
8875
8875
8877
8879
8879
8879
8880
8882
8883
8885
8887
8887
8888
8889
8890
8890
8890
8894
8895
8895
8897
8897
8898
8898
8899
8901
8903
8903
8903
8906
8906
8907
8907
8907
8908
8908
8912
8912
8914
8921
8921
8923
8923
8925
8926
8928
8928
8929
8929
8929
8929
8929
8929
8931
8932
8932
8934
8934
8935
8938
8940
8940
8941
8943
8944
8944
8945
8946
8950
8950
8951
8951
8954
8955
8956
8957
8959
8959
8960
8961
8961
8961
8962
8962
8964
8964
8964
8967
8968
8969
8969
8973
8975
8978
8979
8979
8980
8982
8985
8986
8988
8990
8992
8992
8992
8993
8994
8994
8995
8997
8998
9000
9001
9002
9003
9004
9004
9004
9004
9005
9007
9009
9010
9010
9012
9012
9013
9013
9014
9014
9018
9019
9021
9022
9023
9024
9026
9026
9026
9028
9029
9030
9030
9031
9033
9034
9035
9035
9036
9037
9037
9037
9038
9038
9038
9039
9040
9040
9041
9041
9044
9044
9044
9045
9045
9045
9046
9048
9048
9050
9051
9051
9051
9052
9053
9058
9060
9061
9061
9061
9063
9064
9065
9067
9067
9070
9070
9071
9072
9073
9074
9075
9076
9077
9077
9078
9078
9079
9080
9081
9082
9082
9082
9083
9085
9085
9086
9086
9086
9087
9087
9089
9089
9089
9090
9090
9091
9093
9093
9096
9096
9099
9100
9101
9101
9102
9102
9104
9107
9108
9108
9111
9119
9119
9119
9122
9124
9125
9126
9127
9129
9129
9131
9132
9132
9133
9133
9134
9136
9138
9139
9139
9140
9141
9141
9141
9143
9144
9145
9145
9147
9148
9148
9149
9149
9150
9151
9151
9152
9153
9154
9154
9155
9156
9157
9158
9159
9159
9160
9160
9160
9161
9163
9164
9165
9166
9166
9169
9169
9170
9170
9172
9174
9175
9178
9179
9180
9180
9181
9181
9181
9183
9183
9183
9184
9187
9189
9192
9193
9195
9196
9198
9198
9199
9199
9199
9200
9201
9203
9205
9209
9210
9210
9211
9213
9213
9214
9215
9216
9217
9217
9218
9220
9221
9222
9222
9223
9225
9225
9226
9226
9226
9227
9229
9230
9232
9234
9234
9236
9236
9237
9238
9239
9239
9239
9241
9244
9245
9246
9249
9251
9252
9253
9255
9255
9256
9256
9256
9259
9260
9260
9261
9261
9263
9263
9263
9265
9266
9266
9266
9267
9268
9270
9270
9271
9272
9276
9279
9280
9280
9280
9281
9281
9281
9282
9286
9286
9287
9287
9290
9291
9291
9292
9292
9292
9293
9293
9293
9294
9294
9295
9295
9295
9296
9298
9300
9300
9301
9301
9302
9304
9304
9308
9310
9310
9311
9311
9312
9312
9312
9314
9314
9314
9314
9318
9318
9319
9320
9321
9321
9323
9324
9324
9326
9327
9327
9329
9329
9329
9332
9339
9340
9340
9341
9341
9341
9342
9342
9343
9348
9348
9349
9350
9351
9352
9353
9353
9354
9355
9355
9357
9357
9358
9358
9359
9359
9362
9362
9363
9363
9364
9366
9366
9367
9368
9370
9371
9372
9372
9372
9372
9372
9373
9373
9374
9375
9376
9377
9377
9377
9379
9380
9380
9381
9381
9382
9384
9384
9384
9385
9387
9389
9389
9389
9393
9395
9397
9398
9400
9400
9402
9403
9404
9405
9406
9407
9407
9407
9408
9408
9409
9412
9412
9413
9413
9414
9415
9417
9421
9421
9422
9422
9422
9422
9424
9426
9427
9427
9429
9430
9431
9431
9432
9432
9432
9434
9437
9438
9439
9439
9440
9440
9441
9441
9448
9448
9449
9451
9451
9454
9456
9457
9457
9459
9460
9460
9464
9465
9465
9466
9466
9469
9472
9473
9475
9477
9477
9478
9479
9480
9482
9484
9485
9485
9488
9489
9489
9489
9489
9490
9492
9494
9494
9495
9495
9496
9497
9497
9497
9499
9499
9500
9500
9501
9502
9502
9502
9506
9507
9508
9513
9513
9514
9517
9518
9518
9518
9519
9521
9521
9521
9522
9523
9526
9527
9528
9531
9531
9532
9532
9533
9533
9534
9534
9535
9537
9539
9539
9545
9545
9545
9546
9547
9547
9548
9549
9549
9550
9553
9553
9555
9557
9557
9557
9558
9559
9560
9561
9562
9562
9563
9563
9565
9566
9569
9570
9571
9572
9572
9572
9576
9578
9578
9581
9583
9584
9584
9586
9586
9586
9586
9587
9588
9588
9588
9589
9590
9591
9591
9592
9594
9597
9597
9598
9598
9602
9603
9604
9604
9605
9605
9607
9607
9607
9608
9609
9612
9613
9613
9614
9616
9617
9617
9620
9620
9626
9626
9628
9629
9629
9629
9630
9633
9634
9634
9634
9635
9637
9639
9639
9639
9640
9641
9642
9643
9643
9645
9646
9646
9647
9647
9649
9650
9650
9650
9651
9653
9653
9653
9654
9655
9655
9655
9656
9656
9656
9657
9657
9657
9658
9658
9658
9662
9662
9663
9663
9664
9666
9666
9667
9668
9669
9669
9670
9671
9672
9672
9672
9673
9675
9676
9676
9676
9678
9678
9679
9682
9683
9685
9687
9691
9691
9692
9696
9697
9698
9699
9700
9701
9702
9704
9706
9706
9706
9707
9708
9710
9712
9714
9714
9715
9718
9720
9721
9723
9724
9725
9731
9731
9732
9734
9734
9734
9736
9737
9737
9740
9741
9742
9743
9743
9743
9743
9744
9744
9744
9745
9745
9747
9747
9747
9748
9749
9749
9749
9751
9753
9754
9755
9757
9758
9759
9759
9760
9760
9761
9762
9762
9763
9763
9764
9765
9766
9767
9769
9769
9771
9772
9772
9773
9773
9777
9778
9778
9780
9784
9785
9786
9788
9788
9789
9789
9791
9792
9792
9793
9795
9795
9796
9796
9796
9797
9800
9801
9801
9803
9803
9803
9804
9805
9806
9807
9807
9807
9809
9812
9813
9813
9814
9816
9816
9818
9818
9819
9820
9822
9822
9824
9827
9831
9831
9833
9833
9833
9835
9835
9836
9838
9838
9839
9839
9839
9839
9840
9842
9843
9846
9847
9850
9850
9851
9851
9851
9852
9853
9854
9854
9854
9855
9855
9856
9857
9857
9860
9860
9861
9865
9866
9868
9868
9868
9868
9869
9869
9869
9869
9869
9871
9872
9872
9872
9874
9874
9877
9880
9882
9884
9886
9887
9887
9887
9888
9889
9889
9892
9892
9892
9893
9894
9896
9899
9902
9902
9903
9903
9905
9905
9905
9906
9906
9907
9908
9908
9909
9910
9910
9911
9911
9911
9912
9913
9914
9917
9917
9918
9919
9919
9921
9922
9922
9923
9924
9925
9926
9927
9927
9928
9929
9930
9930
9931
9931
9931
9932
9933
9933
9935
9935
9936
9936
9936
9937
9938
9940
9942
9943
9943
9943
9945
9946
9947
9950
9950
9950
9951
9952
9954
9955
9958
9959
9961
9965
9965
9966
9966
9967
9967
9969
9969
9970
9970
9970
9971
9971
9971
9974
9975
9976
9978
9979
9979
9979
9983
9983
9983
9984
9985
9985
9985
9985
9986
9986
9987
9989
9989
9993
9993
9994
9994
9994
9998
9998
9999
