6
481
845
416
446
732
85
465
48
318
714
292
500
891
617
822
571
321
700
226
926
289
33
292
756
1000
471
452
56
518
770
549
268
635
420
435
922
393
276
616
477
866
134
859
538
920
824
171
468
532
246
858
367
684
961
514
188
630
707
417
932
733
978
329
158
916
652
366
22
260
551
935
14
999
348
807
151
725
687
89
59
304
54
212
871
57
30
235
24
13
47
804
867
597
469
258
393
65
219
942
6
481
845
416
446
732
85
465
48
318
714
292
500
891
617
822
571
321
700
226
926
289
33
292
756
1000
471
452
56
518
770
549
268
635
420
435
922
393
276
616
477
866
134
859
538
920
824
171
468
532
246
858
367
684
961
514
188
630
707
417
932
733
978
329
158
916
652
366
22
260
551
935
14
999
348
807
151
725
687
89
59
304
54
212
871
57
30
235
24
13
47
804
867
597
469
258
393
65
219
942