441
513
432
199
950
840
760
274
966
982
881
391
418
904
295
137
833
109
425
362
282
268
78
569
31
207
638
555
54
325
951
34
734
795
776
36
178
26
559
526
604
59
197
431
964
469
543
767
664
389
560
859
705
96
172
832
108
880
520
393
685
205
324
764
892
269
735
127
428
783
394
265
787
245
721
694
136
424
312
462
284
466
611
898
528
361
170
640
189
517
990
699
984
860
1
926
556
181
444
646
330
577
276
409
741
947
378
101
801
553
348
234
193
233
570
853
83
599
940
73
35
20
679
913
963
572
190
298
151
738
477
791
519
778
900
201
600
613
793
742
290
943
84
576
388
357
126
975
673
39
906
766
958
757
185
775
405
279
565
319
514
792
442
171
843
272
315
763
390
156
427
594
402
316
823
463
246
321
3
413
690
842
67
464
945
624
799
241
419
60
488
258
617
283
490
318
652
804
180
857
571
999
133
727
296
523
620
92
847
106
590
670
423
142
591
240
200
630
9
206
266
79
957
618
544
870
116
370
374
61
691
837
263
770
286
248
37
639
55
773
74
810
373
56
262
812
41
69
90
588
895
682
762
820
11
177
302
970
135
175
506
546
77
164
561
535
504
821
623
575
889
605
1000
122
341
372
314
750
306
455
381
893
259
540
307
465
761
739
8
730
681
150
991
986
997
581
724
754
884
145
447
922
113
631
147
779
627
771
756
342
714
539
204
215
830
614
872
825
877
371
292
293
723
500
380
291
813
398
937
186
794
407
401
238
227
579
972
780
98
85
141
595
960
346
994
692
82
865
244
574
270
891
885
686
42
139
968
911
220
649
547
654
264
661
470
511
326
468
456
48
879
45
924
218
747
212
887
988
461
871
17
979
874
328
14
297
492
632
743
502
75
655
660
998
338
184
4
153
671
494
505
985
593
748
978
836
733
191
253
52
208
458
87
210
927
144
828
522
516
329
983
243
211
375
384
367
917
615
534
252
257
392
131
971
657
487
479
498
817
548
340
32
636
165
251
894
863
484
941
816
334
454
774
435
179
521
467
808
64
300
112
584
86
586
194
497
564
541
499
124
138
688
689
888
51
121
507
38
663
918
360
826
173
961
104
538
602
948
320
725
364
313
471
115
712
597
426
619
587
242
448
666
436
542
839
921
659
674
713
235
485
967
915
726
589
128
684
368
72
890
781
16
118
782
925
707
598
529
609
347
952
434
851
280
758
931
363
956
337
510
796
459
149
460
209
737
231
647
744
704
18
369
49
862
789
377
198
249
838
720
30
237
814
936
352
873
68
772
608
852
294
995
973
167
327
550
711
161
355
716
94
844
481
143
566
76
503
100
645
162
437
15
849
637
260
386
57
222
247
446
305
729
759
876
827
596
366
132
719
255
99
919
203
899
610
501
939
648
933
554
491
102
5
196
580
592
703
635
954
524
411
482
626
356
250
606
157
453
50
907
13
452
439
12
322
236
736
239
496
710
811
417
909
777
752
474
114
125
672
192
709
438
155
769
701
66
304
309
22
677
396
867
130
336
299
680
545
765
944
923
903
345
289
365
267
44
708
567
62
568
633
815
43
24
81
397
866
902
928
475
746
416
745
400
678
908
644
395
473
95
656
527
856
651
7
848
433
959
717
536
530
798
930
641
379
974
855
822
515
953
88
976
509
323
563
70
111
120
676
858
629
117
962
261
573
732
486
696
451
351
809
806
472
158
668
882
977
93
846
755
493
410
845
601
129
182
949
343
349
354
335
107
683
202
658
518
350
996
176
353
869
123
213
965
901
731
278
10
784
841
19
483
525
616
797
788
989
854
195
25
886
785
287
722
110
697
910
718
508
168
449
700
557
582
303
317
221
301
861
403
430
285
905
706
987
955
476
531
835
552
440
344
332
578
612
935
751
740
607
414
897
603
687
883
819
551
385
818
6
946
148
311
214
254
807
698
408
229
934
942
549
875
829
558
634
495
702
163
850
65
537
33
58
406
643
650
786
628
174
912
166
929
339
275
834
695
805
667
382
981
622
662
277
665
992
273
53
415
457
512
404
533
831
969
478
914
376
28
232
489
938
669
46
387
183
824
532
916
310
187
585
188
29
140
803
216
228
103
217
80
980
749
358
219
271
932
480
160
443
223
868
256
383
169
23
331
429
621
715
308
642
146
119
878
920
63
159
225
653
224
359
768
288
47
693
89
864
230
97
27
333
71
896
422
412
91
152
800
226
154
790
583
420
802
40
21
445
562
728
2
281
625
675
421
105
993
399
450
753
134
441
513
432
199
950
840
760
274
966
982
881
391
418
904
295
137
833
109
425
362
282
268
78
569
31
207
638
555
54
325
951
34
734
795
776
36
178
26
559
526
604
59
197
431
964
469
543
767
664
389
560
859
705
96
172
832
108
880
520
393
685
205
324
764
892
269
735
127
428
783
394
265
787
245
721
694
136
424
312
462
284
466
611
898
528
361
170
640
189
517
990
699
984
860
1
926
556
181
444
646
330
577
276
409
741
947
378
101
801
553
348
234
193
233
570
853
83
599
940
73
35
20
679
913
963
572
190
298
151
738
477
791
519
778
900
201
600
613
793
742
290
943
84
576
388
357
126
975
673
39
906
766
958
757
185
775
405
279
565
319
514
792
442
171
843
272
315
763
390
156
427
594
402
316
823
463
246
321
3
413
690
842
67
464
945
624
799
241
419
60
488
258
617
283
490
318
652
804
180
857
571
999
133
727
296
523
620
92
847
106
590
670
423
142
591
240
200
630
9
206
266
79
957
618
544
870
116
370
374
61
691
837
263
770
286
248
37
639
55
773
74
810
373
56
262
812
41
69
90
588
895
682
762
820
11
177
302
970
135
175
506
546
77
164
561
535
504
821
623
575
889
605
1000
122
341
372
314
750
306
455
381
893
259
540
307
465
761
739
8
730
681
150
991
986
997
581
724
754
884
145
447
922
113
631
147
779
627
771
756
342
714
539
204
215
830
614
872
825
877
371
292
293
723
500
380
291
813
398
937
186
794
407
401
238
227
579
972
780
98
85
141
595
960
346
994
692
82
865
244
574
270
891
885
686
42
139
968
911
220
649
547
654
264
661
470
511
326
468
456
48
879
45
924
218
747
212
887
988
461
871
17
979
874
328
14
297
492
632
743
502
75
655
660
998
338
184
4
153
671
494
505
985
593
748
978
836
733
191
253
52
208
458
87
210
927
144
828
522
516
329
983
243
211
375
384
367
917
615
534
252
257
392
131
971
657
487
479
498
817
548
340
32
636
165
251
894
863
484
941
816
334
454
774
435
179
521
467
808
64
300
112
584
86
586
194
497
564
541
499
124
138
688
689
888
51
121
507
38
663
918
360
826
173
961
104
538
602
948
320
725
364
313
471
115
712
597
426
619
587
242
448
666
436
542
839
921
659
674
713
235
485
967
915
726
589
128
684
368
72
890
781
16
118
782
925
707
598
529
609
347
952
434
851
280
758
931
363
956
337
510
796
459
149
460
209
737
231
647
744
704
18
369
49
862
789
377
198
249
838
720
30
237
814
936
352
873
68
772
608
852
294
995
973
167
327
550
711
161
355
716
94
844
481
143
566
76
503
100
645
162
437
15
849
637
260
386
57
222
247
446
305
729
759
876
827
596
366
132
719
255
99
919
203
899
610
501
939
648
933
554
491
102
5
196
580
592
703
635
954
524
411
482
626
356
250
606
157
453
50
907
13
452
439
12
322
236
736
239
496
710
811
417
909
777
752
474
114
125
672
192
709
438
155
769
701
66
304
309
22
677
396
867
130
336
299
680
545
765
944
923
903
345
289
365
267
44
708
567
62
568
633
815
43
24
81
397
866
902
928
475
746
416
745
400
678
908
644
395
473
95
656
527
856
651
7
848
433
959
717
536
530
798
930
641
379
974
855
822
515
953
88
976
509
323
563
70
111
120
676
858
629
117
962
261
573
732
486
696
451
351
809
806
472
158
668
882
977
93
846
755
493
410
845
601
129
182
949
343
349
354
335
107
683
202
658
518
350
996
176
353
869
123
213
965
901
731
278
10
784
841
19
483
525
616
797
788
989
854
195
25
886
785
287
722
110
697
910
718
508
168
449
700
557
582
303
317
221
301
861
403
430
285
905
706
987
955
476
531
835
552
440
344
332
578
612
935
751
740
607
414
897
603
687
883
819
551
385
818
6
946
148
311
214
254
807
698
408
229
934
942
549
875
829
558
634
495
702
163
850
65
537
33
58
406
643
650
786
628
174
912
166
929
339
275
834
695
805
667
382
981
622
662
277
665
992
273
53
415
457
512
404
533
831
969
478
914
376
28
232
489
938
669
46
387
183
824
532
916
310
187
585
188
29
140
803
216
228
103
217
80
980
749
358
219
271
932
480
160
443
223
868
256
383
169
23
331
429
621
715
308
642
146
119
878
920
63
159
225
653
224
359
768
288
47
693
89
864
230
97
27
333
71
896
422
412
91
152
800
226
154
790
583
420
802
40
21
445
562
728
2
281
625
675
421
105
993
399
450
753
134